1.000000  0.001260
0.990000  0.002654
0.980000  0.004032
0.970000  0.005393
0.960000  0.006737
0.950000  0.008066
0.940000  0.009378
0.930000  0.010676
0.920000  0.011958
0.910000  0.013225
0.900000  0.014477
0.890000  0.015715
0.880000  0.016939
0.870000  0.018148
0.860000  0.019344
0.850000  0.020526
0.840000  0.021694
0.830000  0.022848
0.820000  0.023989
0.810000  0.025117
0.800000  0.026231
0.790000  0.027332
0.780000  0.028420
0.770000  0.029494
0.760000  0.030555
0.750000  0.031603
0.740000  0.032637
0.730000  0.033658
0.720000  0.034666
0.710000  0.035659
0.700000  0.036639
0.690000  0.037605
0.680000  0.038557
0.670000  0.039494
0.660000  0.040417
0.650000  0.041325
0.640000  0.042218
0.630000  0.043096
0.620000  0.043958
0.610000  0.044804
0.600000  0.045634
0.590000  0.046447
0.580000  0.047243
0.570000  0.048021
0.560000  0.048782
0.550000  0.049524
0.540000  0.050248
0.530000  0.050951
0.520000  0.051635
0.510000  0.052298
0.500000  0.052940
0.490000  0.053560
0.480000  0.054158
0.470000  0.054732
0.460000  0.055282
0.450000  0.055807
0.440000  0.056307
0.430000  0.056780
0.420000  0.057225
0.410000  0.057643
0.400000  0.058030
0.390000  0.058387
0.380000  0.058712
0.370000  0.059005
0.360000  0.059263
0.350000  0.059486
0.340000  0.059672
0.330000  0.059820
0.320000  0.059928
0.310000  0.059994
0.300000  0.060017
0.290000  0.059995
0.280000  0.059926
0.270000  0.059807
0.260000  0.059637
0.250000  0.059412
0.240000  0.059131
0.230000  0.058790
0.220000  0.058386
0.210000  0.057916
0.200000  0.057375
0.190000  0.056760
0.180000  0.056066
0.170000  0.055287
0.160000  0.054418
0.150000  0.053452
0.140000  0.052380
0.130000  0.051193
0.120000  0.049882
0.110000  0.048432
0.100000  0.046828
0.090000  0.045050
0.080000  0.043072
0.070000  0.040863
0.060000  0.038376
0.050000  0.035547
0.040000  0.032277
0.030000  0.028401
0.020000  0.023598
0.010000  0.017037
0.000000  0.000000
0.010000 -0.017037
0.020000 -0.023598
0.030000 -0.028401
0.040000 -0.032277
0.050000 -0.035547
0.060000 -0.038376
0.070000 -0.040863
0.080000 -0.043072
0.090000 -0.045050
0.100000 -0.046828
0.110000 -0.048432
0.120000 -0.049882
0.130000 -0.051193
0.140000 -0.052380
0.150000 -0.053452
0.160000 -0.054418
0.170000 -0.055287
0.180000 -0.056066
0.190000 -0.056760
0.200000 -0.057375
0.210000 -0.057916
0.220000 -0.058386
0.230000 -0.058790
0.240000 -0.059131
0.250000 -0.059412
0.260000 -0.059637
0.270000 -0.059807
0.280000 -0.059926
0.290000 -0.059995
0.300000 -0.060017
0.310000 -0.059994
0.320000 -0.059928
0.330000 -0.059820
0.340000 -0.059672
0.350000 -0.059486
0.360000 -0.059263
0.370000 -0.059005
0.380000 -0.058712
0.390000 -0.058387
0.400000 -0.058030
0.410000 -0.057643
0.420000 -0.057225
0.430000 -0.056780
0.440000 -0.056307
0.450000 -0.055807
0.460000 -0.055282
0.470000 -0.054732
0.480000 -0.054158
0.490000 -0.053560
0.500000 -0.052940
0.510000 -0.052298
0.520000 -0.051635
0.530000 -0.050951
0.540000 -0.050248
0.550000 -0.049524
0.560000 -0.048782
0.570000 -0.048021
0.580000 -0.047243
0.590000 -0.046447
0.600000 -0.045634
0.610000 -0.044804
0.620000 -0.043958
0.630000 -0.043096
0.640000 -0.042218
0.650000 -0.041325
0.660000 -0.040417
0.670000 -0.039494
0.680000 -0.038557
0.690000 -0.037605
0.700000 -0.036639
0.710000 -0.035659
0.720000 -0.034666
0.730000 -0.033658
0.740000 -0.032637
0.750000 -0.031603
0.760000 -0.030555
0.770000 -0.029494
0.780000 -0.028420
0.790000 -0.027332
0.800000 -0.026231
0.810000 -0.025117
0.820000 -0.023989
0.830000 -0.022848
0.840000 -0.021694
0.850000 -0.020526
0.860000 -0.019344
0.870000 -0.018148
0.880000 -0.016939
0.890000 -0.015715
0.900000 -0.014477
0.910000 -0.013225
0.920000 -0.011958
0.930000 -0.010676
0.940000 -0.009378
0.950000 -0.008066
0.960000 -0.006737
0.970000 -0.005393
0.980000 -0.004032
0.990000 -0.002654
1.000000 -0.001260
